PP
temp 673 
ran 97 
mcsteps 5000
resets 3
par 1
COORD
 O     0.938000     1.624600    22.813400  
Zn     1.876000     3.249300    23.424500  
Zn     1.876000     6.498500    23.424500  
Zn     1.876001     9.747800    23.424500  
Zn     4.689901     8.123200    23.424501  
 O     6.565901     8.123200    22.813401  
Zn     7.503900     9.747800    23.424501  
Zn     7.503901     6.498500    23.424501  
Zn     6.565901     8.123200    20.821801  
Zn     3.751901     9.747800    20.821800  
 O     3.751900     9.747800    22.813400  
Zn     4.689900    11.372400    23.424501  
Zn     6.565901    11.372400    20.821801  
 O     6.565901    11.372400    22.813401  
Zn     0.938000     1.624600    20.821800  
 O     1.876000     3.249300    20.210600  
Zn     3.751900     3.249300    20.821800  
 O     4.689900     4.873900    20.210600 
Zn     6.565900     4.873900    20.821800  
Zn     7.503900     3.249300    23.424500  
Zn     9.379800     3.249300    20.821800  
Zn    10.317800     1.624600    23.424499  
Zn    13.131800     0.000000    23.424499  
Zn    12.193800    -1.624600    26.027199 
Zn    12.193801     1.624600    26.027199
Zn     9.379801     3.249300    26.027200
Zn     9.379801     0.000000    26.027199
Zn     6.565901     1.624600    26.027200
Zn     3.751901     3.249300    26.027200
Zn     0.938001     4.873900    26.027201
Zn     3.751899     6.498497    26.027200
Zn     6.565898     4.873894    26.027200
Zn     9.379799     6.498492    26.027200
Zn    12.193798     4.873890    26.027199
Zn    12.193800     8.123190    26.027200
Zn     9.379802     9.747793    26.027200
Zn     6.565900     8.123195    26.027201
Zn     6.565903    11.372395    26.027201
Zn     3.751901     9.747797    26.027201
Zn     0.938000     8.123199    26.027201
Zn     0.938002    11.372399    26.027202
Zn     3.751903    12.997097    26.027201
Zn     0.938005    14.621699    26.027202
Zn     1.876003    12.997099    23.424502  
 O     0.938002    11.372400    22.813402  
Zn     0.938002    11.372400    20.821802  
Zn     0.938000     8.123200    20.821801  
Zn     3.751899     6.498498    20.821800  
 O     4.689900     8.123198    20.210601  
Zn     1.876000     0.000000    23.424500  
Zn     3.751900     0.000000    26.027200 
Zn     6.565900    -1.624600    26.027200
Zn     9.379800    -3.249300    26.027200
Zn    12.193800    -4.873899    26.027199
Zn    13.131800    -3.249299    23.424500  
Zn    10.317800    -1.624599    23.424500  
Zn     9.379800     0.000001    20.821801  
 O     9.379800     0.000000    22.813401  
Zn     7.503900     0.000000    23.424501  
 O     6.565899     1.624600    22.813401  
Zn     6.565899     1.624600    20.821801  
Zn     6.565900    -1.624600    20.821800  
Zn     9.379800    -3.249299    20.821800  
Zn    12.193800    -1.624599    20.821800  
Zn    12.193799     1.624602    20.821801  
 O    12.193799     1.624601    22.813401  
Zn    13.131799     3.249301    23.424501  
Zn    10.317799     4.873901    23.424501  
 O     9.379799     3.249301    22.813401  
Zn     3.751900     0.000000    20.821800  
 O     4.689900     1.624600    20.210600  
Zn     0.938000     4.873900    20.821800  
 O     1.876000     6.498500    20.210600
 O     1.876000     0.000000    20.210600
 O     1.876000     0.000000    25.416100  
Zn     0.938000     1.624600    26.027200 
 O     1.876000     3.249300    25.416100  
 O     3.751900     0.000000    22.813400  
Zn     4.689900     1.624600    23.424500  
Zn     4.689900     4.873900    23.424500  
 O     6.565900     4.873900    22.813400  
Zn     4.689900    -1.624600    23.424500  
Zn     7.503900    -3.249300    23.424500  
 O     9.379800    -3.249299    22.813399  
Zn    10.317801    -4.873899    23.424499  
Zn    13.131802    -6.498497    23.424499  
 O    12.193801    -4.873898    22.813399  
Zn    12.193801    -4.873898    20.821799  
 O    13.131800    -3.249297    20.210599 
 O     4.689900    -1.624600    20.210600
 O     4.689900    -1.624600    25.416100  
 O     6.565900    -1.624600    22.813400  
 O     0.938000     4.873900    22.813400  
 O     3.751900     3.249300    22.813400  
 O     4.689900     1.624600    25.416100  
 O     1.876000     6.498500    25.416100  
 O     3.751900     6.498500    22.813400  
 O     0.938000     8.123200    22.813400  
 O     4.689900     4.873900    25.416100  
 O     1.876004    12.997099    25.416102  
Zn     0.938004    14.621699    20.821802  
Zn     3.751903    12.997098    20.821802  
 O     3.751903    12.997098    22.813402  
 O     0.938004    14.621699    22.813402  
 O     1.876002    12.997099    20.210602  
 O    13.131801    -6.498497    20.210599  
 O    10.317801    -4.873899    20.210599
 O    13.131802    -6.498497    25.416099  
 O    10.317802    -4.873899    25.416099  
 O    13.131799    -3.249300    25.416100  
 O    12.193800    -1.624599    22.813401  
 O     7.503900    -3.249300    20.210601 
 O     7.503900     0.000000    20.210601
 O     7.503900    -3.249300    25.416100   
 O    10.317799    -1.624598    20.210600
 O     4.689901    11.372397    20.210601
 O     7.503903     9.747800    20.210602
Zn     9.379803     9.747803    20.821802  
Zn     9.379807     6.498503    20.821805  
Zn    12.193809     4.873907    20.821807  
 O    12.193809     4.873909    22.813407  
Zn    13.131807     6.498510    23.424505  
Zn    10.317805     8.123207    23.424504  
 O     9.379807     6.498505    22.813406  
 O    13.131807     6.498512    25.416105  
Zn    12.193792     8.123199    20.821803  
 O    10.317792     8.123181    20.210603
 O    12.193792     8.123201    22.813403  
 O    13.131807     6.498507    20.210605
 O    10.317813     8.123209    25.416104  
 O     9.379820     9.747816    22.813405  
 O    13.131817     3.249311    20.210608
 O    10.317808     4.873896    20.210607
 O     7.503907     6.498501    20.210606
 O    13.131799     0.000002    20.210601
 O    10.317800    -1.624600    25.416100  
 O     7.503899     3.249301    20.210601 
 O     7.503899     0.000000    25.416101 
 O    10.317799     1.624601    20.210600
 O     1.875999     9.747800    20.210602
 O    13.131800     0.000000    25.416099  
 O    10.317801     1.624600    25.416099  
 O     7.503900     3.249300    25.416100  
 O     1.876001     9.747800    25.416100  
 O    13.131799     3.249299    25.416101  
 O    10.317796     4.873901    25.416101  
 O     4.689900     8.123200    25.416101  
 O     7.503900     6.498500    25.416101  
 O     4.689901    11.372399    25.416101  
 O     7.503902     9.747805    25.416101  
END
SPECIES
Zn  2.0
O   -2.0
END
POTENTIALS
Zn O 	700.3 	0.33720 0.0 	 10
O  O 	22764.0 0.14900 27.879 	 12.0
Zn Zn 	0 		1 		0 		 12.0
END